****0000002479****
ASUS02 KWBC 020000
CODSUS
 
CODED SURFACE FRONTAL POSITIONS
NWS WEATHER PREDICTION CENTER COLLEGE PARK MD
935 PM EDT WED SEP 01 2021
 
VALID 090200Z
HIGHS 1015 2550870 1014 3981071 1008 3171110 1021 7151201 1021 5251247 1027
6290753
LOWS 1000 3420824 998 3980756 1003 3971142 1002 3611168 1005 4101223 1003
4151121 1002 4061038 1006 3361063 1006 4601037 1008 4960657 1004 5690473 1005
5880401 1009 6390514 996 5581472 996 5681545 1007 4840569 1012 7750980 1006
5691093 1009 5210710
TROF 3001215 2741236 2411268
TROF 2170778 2410763 2600753
TROF 3050775 2830782 2600797
TROF 2280993 2511010 2721025
WARM 3410824 3470819 3490817
COLD 3410824 3300846 3360883 3420910
WARM 3980757 4050738 4080717 4040694 3920676 3840669 3740654 3720629
COLD 3980756 3940761 3920763 3880768 3820775 3740783 3660795 3600803 3540811
3490818
TROF 3940758 3880761 3830763 3680768 3480782 3200806
TROF 4101223 3921212 3701193 3601169
TROF 4111223 4221226 4461223
STNRY 4141122 4111127 4071141 4021169
STNRY 3420909 3470923 3620947 3760969 3900992 4011016 4071036
TROF 4051038 3911038 3711042
TROF 3371062 3391048 3381034
STNRY 4601038 4451053 4361070 4301084 4171105 4151118
STNRY 4071038 4171032 4301032 4591037
OCFNT 5691095 5581067 5291030 5031022 4821025 4681031 4601037
TROF 3611165 3481159 3271152 2751124 2261096
STNRY 6570332 6530357 6440380 6310389 6190404
TROF 5690471 5550500 5460543 5440573
TROF 5880399 5760427 5690472
OCFNT 5850419 5980420 6060411 6130395 6150375 6130351 6050327 5900315 5690307
5360304 5210308
TROF 7530587 7390558 7170532 7070527 6990521 6910520 6840523 6760526 6630527
6520524 6390514 6330507 6280499 6210493 6160490
OCFNT 4840563 4720535 4660523 4630508
COLD 4850567 4700575 4550589 4350620 4230654 4190668
TROF 3490752 3230765 3100776
OCFNT 5581485 5631486 5691475 5691470 5651440 5651439
WARM 5611354 5261324 4931303 4781297
WARM 5621436 5471408 5021369 4531364
STNRY 5641358 5621377 5591391 5651419
TROF 5681531 5631498
OCFNT 5641555 5841530 5941503 5971452 5901410 5801378 5641352
TROF 5651559 5601596
COLD 5641440 5551436 5381434 5201439 4991447 4751470
OCFNT 4970659 4950623 4910593 4850570
STNRY 6771029 6561097 6591193 6671292 6851373 6941449 6921560 6881618 6821697
OCFNT 7730987 7500973 7230987 6921007 6761027
TROF 6061575 6351527 6521446 6511349
TROF 5791096 6211107 6481110
TROF 4980660 5110685 5210711
TROF 5210714 5290743 5480778 5740804 5830813
TROF 4890653 4730666 4580685 4440715
 
$$
